-0.16709
0.79445
-0.71426
-0.40292
-0.77328
-0.39653
-0.40805
1.0531
-0.852
0.3917
-0.79685
-0.28957
0.44527
-0.85469
-0.63578
0.27967
-0.25841
0.74856
0.69033
-0.47029
0.85446
-0.33101
-0.38172
0.29679
-0.99959
-0.42428
0.33394
-0.2503
-0.25461
-0.080528
-0.077526
0.05306
0.74835
-1.1302
0.9754
0.77349
-0.36474
-0.79155
0.048919
0.57183
0.55783
0.2379
0.74081
0.49193
0.05984
-0.084256
-0.1747
-0.60568
-0.72097
-0.0083534
0.67841
1.0089
0.37835
-0.91272
0.73511
-0.068053
0.33917
0.72145
-0.68078
-0.37179
-0.80305
0.95687
-0.35066
0.37718
-0.52409
0.085721
-0.35112
0.67764
-0.37452
-1.0367
0.15823
-0.642
0.31531
-0.70252
-0.086294
-0.50881
0.87236
1.2453
-0.59352
-0.066617
-0.30679
-0.37075
0.83158
-0.80901
-0.30971
0.3083
-0.43492
-0.26711
-0.79836
0.85794
-0.21621
-0.76796
-0.27749
-0.65359
-0.75647
0.94884
-0.66783
-0.22062
0.7803
0.21113
